1.008765079999989212e-01 0.000000000000000000e+00
2.014622579999922891e-01 2.458823529411764408e-01
3.020443219999719986e-01 5.305882352941175828e-01
4.026248490000057245e-01 7.894117647058822573e-01
5.032053209999958199e-01 1.022352941176470464e+00
6.038585149999562418e-01 1.229411764705882426e+00
7.045164859999886176e-01 1.423529411764705932e+00
8.051818440000033661e-01 1.591764705882352748e+00
9.058570349999968130e-01 1.747058823529411775e+00
1.006529838000005839e+00 1.902352941176470358e+00
1.107193381000001864e+00 2.044705882352940929e+00
1.207856961000004503e+00 2.161176470588235254e+00
1.308535004999953344e+00 2.277647058823529136e+00
1.409207603999959701e+00 2.368235294117646994e+00
1.509871146999955727e+00 2.471764705882352864e+00
1.610535430999959772e+00 2.549411764705881822e+00
1.711197509999976774e+00 2.639999999999999680e+00
1.811852885000007518e+00 2.691764705882353059e+00
1.912513665999995283e+00 2.782352941176470473e+00
2.013178855999967709e+00 2.834117647058823408e+00
2.113850192999962019e+00 2.885882352941176343e+00
2.214513715000009597e+00 2.924705882352940822e+00
2.315174218999970890e+00 2.989411764705882213e+00
2.415834185999983674e+00 3.028235294117646692e+00
2.516496319999987463e+00 3.067058823529411615e+00
2.617156212999987019e+00 3.092941176470588083e+00
2.717808937999961927e+00 3.131764705882352562e+00
2.818464809999966292e+00 3.170588235294117485e+00
2.919134625999959098e+00 3.196470588235293953e+00
3.019832721000000220e+00 3.222352941176470420e+00
3.120493647999978748e+00 3.222352941176470420e+00
3.221152890999974261e+00 3.248235294117646887e+00
3.321812669999985701e+00 3.274117647058823355e+00
3.422471875999974600e+00 3.287058823529411367e+00
3.523139302999993561e+00 3.299999999999999822e+00
3.623812934999989466e+00 3.299999999999999822e+00
3.724480193999966104e+00 3.299999999999999822e+00
3.825146359999962442e+00 3.299999999999999822e+00
3.925811785999997028e+00 3.299999999999999822e+00
4.026480303999960597e+00 3.299999999999999822e+00
4.127141210999980103e+00 3.299999999999999822e+00
4.227800431999980901e+00 3.299999999999999822e+00
4.328458820999969703e+00 3.299999999999999822e+00
4.429120431000001190e+00 3.299999999999999822e+00
4.529783022999993136e+00 3.299999999999999822e+00
4.630443966999962413e+00 3.299999999999999822e+00
4.731112075999988065e+00 3.299999999999999822e+00
4.831773813999973299e+00 3.299999999999999822e+00
4.932490830000006099e+00 3.299999999999999822e+00
5.033158826999965640e+00 3.299999999999999822e+00
5.133827657999972871e+00 3.299999999999999822e+00
5.234490543999982037e+00 3.299999999999999822e+00
5.335152114999971218e+00 3.299999999999999822e+00
5.435815112999989651e+00 3.299999999999999822e+00
5.536476572999958989e+00 3.299999999999999822e+00
5.637138515000003736e+00 3.299999999999999822e+00
5.737799194999979591e+00 3.299999999999999822e+00
5.838464597999973194e+00 3.299999999999999822e+00
5.939164908000009291e+00 3.299999999999999822e+00
6.039827365999997255e+00 3.299999999999999822e+00
6.140514323999980206e+00 3.299999999999999822e+00
6.241175726999983908e+00 3.299999999999999822e+00
6.341836129000000710e+00 3.299999999999999822e+00
6.442497512999977971e+00 3.299999999999999822e+00
6.543157229999962965e+00 3.299999999999999822e+00
6.643823800000006941e+00 3.299999999999999822e+00
6.744483736999995926e+00 3.299999999999999822e+00
6.845162266999977874e+00 3.299999999999999822e+00
6.945828556999970260e+00 3.299999999999999822e+00
7.046491661000004569e+00 3.299999999999999822e+00
7.147152653999967242e+00 3.299999999999999822e+00
7.247813183999994635e+00 3.299999999999999822e+00
7.348514862000001813e+00 3.299999999999999822e+00
7.449179632999971545e+00 3.299999999999999822e+00
7.549840162999998938e+00 3.299999999999999822e+00
7.650500358999977379e+00 3.299999999999999822e+00
7.751167887000008250e+00 3.299999999999999822e+00
7.851823099999990063e+00 3.299999999999999822e+00
7.952480461999982708e+00 3.299999999999999822e+00
8.053147414999955345e+00 3.299999999999999822e+00
8.153817516999993131e+00 3.299999999999999822e+00
8.254478563999953167e+00 3.299999999999999822e+00
8.355140480999978081e+00 3.299999999999999822e+00
8.455803952999985995e+00 3.299999999999999822e+00
8.556469739999954527e+00 3.299999999999999822e+00
8.657135286999960044e+00 3.299999999999999822e+00
8.757810922999965442e+00 3.299999999999999822e+00
8.858521782999957850e+00 3.299999999999999822e+00
8.959230641999965883e+00 3.299999999999999822e+00
9.059930296999993971e+00 3.299999999999999822e+00
9.160629266999990250e+00 3.299999999999999822e+00
9.261327959999960058e+00 3.299999999999999822e+00
9.362021282000000610e+00 3.299999999999999822e+00
9.462712566999982755e+00 3.299999999999999822e+00
9.563408019000007698e+00 3.299999999999999822e+00
9.664099618999955510e+00 3.299999999999999822e+00
9.764791290999994544e+00 3.299999999999999822e+00
9.865492147999987083e+00 3.299999999999999822e+00
9.966157819999978074e+00 3.299999999999999822e+00
1.006685230599998704e+01 3.299999999999999822e+00
1.006745847199999844e+01 3.299999999999999822e+00
1.016815560699996013e+01 3.299999999999999822e+00

