1.026884785299995428e+01 3.157647058823529029e+00
1.036954808100000491e+01 2.885882352941176343e+00
1.047024486399999432e+01 2.639999999999999680e+00
1.057093981299999541e+01 2.419999999999999929e+00
1.067163563299999396e+01 2.212941176470588189e+00
1.077232787700000927e+01 2.031764705882352917e+00
1.087315926899998431e+01 1.850588235294117645e+00
1.097375275399997463e+01 1.695294117647058618e+00
1.107440601700000116e+01 1.552941176470588269e+00
1.117499861299995700e+01 1.397647058823529242e+00
1.127558987499998011e+01 1.281176470588235139e+00
1.137619119299995418e+01 1.164705882352941257e+00
1.147678521500000670e+01 1.061176470588235166e+00
1.157737162600000147e+01 9.705882352941176405e-01
1.167795444399996541e+01 8.799999999999998934e-01
1.177857907499998191e+01 8.152941176470587248e-01
1.187926777999996375e+01 7.376470588235294334e-01
1.197992774400000826e+01 6.729411764705882648e-01
1.208057689399998935e+01 6.211764705882352189e-01
1.218127150599997321e+01 5.435294117647058165e-01
1.228197519200000443e+01 5.047058823529411153e-01
1.238265743400000929e+01 4.529411764705882359e-01
1.248334134300000642e+01 4.141176470588235348e-01
1.258404491900000721e+01 3.623529411764705443e-01
1.268472032699997953e+01 3.494117647058823106e-01
1.278541328899996188e+01 3.105882352941176094e-01
1.288609182499999406e+01 2.847058823529411420e-01
1.298674152799998183e+01 2.458823529411764408e-01
1.308740776899998082e+01 2.070588235294117674e-01
1.318810800899996138e+01 1.811764705882352722e-01
1.328879769299999225e+01 1.811764705882352722e-01
1.338949163699999190e+01 1.552941176470588047e-01
1.349017793299998402e+01 1.423529411764705710e-01
1.359086252499997727e+01 1.294117647058823650e-01
1.369156631900000320e+01 9.058823529411763609e-02
1.379224061299998993e+01 9.058823529411763609e-02
1.389293481400000019e+01 6.470588235294118251e-02
1.399361447799998359e+01 6.470588235294118251e-02
1.409428227199998673e+01 3.882352941176470118e-02
1.419499458399997138e+01 2.588235294117647092e-02
1.429568371099998103e+01 2.588235294117647092e-02
1.439636841300000469e+01 1.294117647058823546e-02
1.449704974299999094e+01 0.000000000000000000e+00
1.459775598099997751e+01 0.000000000000000000e+00
1.469844955199999958e+01 0.000000000000000000e+00
1.479912367800000084e+01 0.000000000000000000e+00
1.489981980299995712e+01 0.000000000000000000e+00
1.500050618699998495e+01 0.000000000000000000e+00
1.510118134900000086e+01 0.000000000000000000e+00
1.520185923399998273e+01 0.000000000000000000e+00
1.530253963699999531e+01 0.000000000000000000e+00
1.540322713199998361e+01 0.000000000000000000e+00
1.550391934999998966e+01 0.000000000000000000e+00
1.560460510499996190e+01 0.000000000000000000e+00
1.570528802499995891e+01 0.000000000000000000e+00
1.580596950099999276e+01 0.000000000000000000e+00
1.590666077200000927e+01 0.000000000000000000e+00
1.600734913599995934e+01 0.000000000000000000e+00
1.610803090799998927e+01 0.000000000000000000e+00
1.620875586399995427e+01 0.000000000000000000e+00
1.630944141300000183e+01 0.000000000000000000e+00
1.641012970299999552e+01 0.000000000000000000e+00
1.651081158599998844e+01 0.000000000000000000e+00
1.661149152399997320e+01 0.000000000000000000e+00
1.671216953599997623e+01 0.000000000000000000e+00
1.681285308299999315e+01 0.000000000000000000e+00
1.691356751899996880e+01 0.000000000000000000e+00
1.701425630799997180e+01 0.000000000000000000e+00
1.711493894799997406e+01 0.000000000000000000e+00
1.721567430999999715e+01 0.000000000000000000e+00
1.731635502399996085e+01 0.000000000000000000e+00
1.741704607099995883e+01 0.000000000000000000e+00
1.751773185899997998e+01 0.000000000000000000e+00
1.761841257399998995e+01 0.000000000000000000e+00
1.771909632399996326e+01 0.000000000000000000e+00
1.781978266499999108e+01 0.000000000000000000e+00
1.792047632199995633e+01 0.000000000000000000e+00
1.802115610900000320e+01 0.000000000000000000e+00
1.812183874699996977e+01 0.000000000000000000e+00
1.822252106999997068e+01 0.000000000000000000e+00
1.832320335699995439e+01 0.000000000000000000e+00
1.842389067999999952e+01 0.000000000000000000e+00
1.852457759599997189e+01 0.000000000000000000e+00
1.862525864200000569e+01 0.000000000000000000e+00
1.872594868599998108e+01 0.000000000000000000e+00
1.882669017499995334e+01 0.000000000000000000e+00
1.892738844100000506e+01 0.000000000000000000e+00
1.902807326199996396e+01 0.000000000000000000e+00
1.912875997300000108e+01 0.000000000000000000e+00
1.922944472000000360e+01 0.000000000000000000e+00
1.933012918999997964e+01 0.000000000000000000e+00
1.943086301199997479e+01 0.000000000000000000e+00
1.953154940699999997e+01 0.000000000000000000e+00
1.963223054399998091e+01 0.000000000000000000e+00
1.973293077199997470e+01 0.000000000000000000e+00
1.983361605499999314e+01 0.000000000000000000e+00
1.993430191199996671e+01 0.000000000000000000e+00
2.003497917599997891e+01 0.000000000000000000e+00
