2.674820000265754061e-04 1.656470588235294139e+00
1.008739840000316690e-01 2.458823529411764408e-01
2.014621350000425082e-01 4.917647058823528816e-01
3.020448419999866019e-01 7.247058823529410887e-01
4.026276409999809403e-01 9.317647058823529393e-01
5.032117550000521078e-01 1.125882352941176334e+00
6.037963869999884992e-01 1.294117647058823595e+00
7.044228710000197680e-01 1.462352941176470411e+00
8.050875039999709770e-01 1.604705882352941204e+00
9.057594880000578996e-01 1.747058823529411775e+00
1.006443620000027295e+00 1.876470588235294112e+00
1.107128845000033834e+00 1.992941176470588216e+00
1.207807107000007818e+00 2.096470588235294308e+00
1.308485999000026823e+00 2.187058823529411278e+00
1.409160798000016257e+00 2.277647058823529136e+00
1.509830764000071213e+00 2.368235294117646994e+00
1.610497748000057072e+00 2.432941176470587941e+00
1.711171196000009331e+00 2.510588235294117343e+00
1.811846013000035782e+00 2.575294117647058734e+00
1.912519793999990725e+00 2.639999999999999680e+00
2.013201982000055068e+00 2.691764705882353059e+00
2.113879707000023700e+00 2.743529411764705550e+00
2.214557265000053121e+00 2.782352941176470473e+00
2.315230897999981607e+00 2.834117647058823408e+00
2.415903363999973408e+00 2.872941176470587887e+00
2.516574478000052295e+00 2.898823529411764355e+00
2.617251203000023452e+00 2.950588235294117734e+00
2.717925186999991638e+00 2.976470588235294201e+00
2.818587931000024582e+00 3.002352941176470225e+00
2.919244600000070022e+00 3.041176470588235148e+00
3.019955472999981794e+00 3.054117647058823160e+00
3.120911402000047019e+00 3.080000000000000071e+00
3.221589053000002423e+00 3.105882352941176539e+00
3.322256000000038512e+00 3.118823529411764550e+00
3.422920189000024038e+00 3.144705882352941018e+00
3.523580616999993254e+00 3.157647058823529029e+00
3.624248824000005698e+00 3.170588235294117485e+00
3.724913196999978027e+00 3.183529411764705497e+00
3.825575552000032076e+00 3.196470588235293953e+00
3.926234611000040786e+00 3.209411764705882408e+00
4.026908540000022185e+00 3.222352941176470420e+00
4.127580319999992753e+00 3.222352941176470420e+00
4.228250841999965814e+00 3.248235294117646887e+00
4.328949400000055903e+00 3.248235294117646887e+00
4.429609829000014543e+00 3.248235294117646887e+00
4.530276703000026828e+00 3.261176470588234899e+00
4.630945187000065744e+00 3.261176470588234899e+00
4.731611856999961674e+00 3.274117647058823355e+00
4.832280638000042927e+00 3.274117647058823355e+00
4.932951696000031916e+00 3.287058823529411367e+00
5.033629162000011092e+00 3.287058823529411367e+00
5.134305110000013883e+00 3.299999999999999822e+00
5.234985076000043591e+00 3.299999999999999822e+00
5.335668745000020863e+00 3.299999999999999822e+00
5.436337489000038659e+00 3.299999999999999822e+00
5.537026604000061525e+00 3.299999999999999822e+00
5.637691514000039206e+00 3.299999999999999822e+00
5.738362721000044075e+00 3.299999999999999822e+00
5.839039353999964987e+00 3.299999999999999822e+00
5.939774375000069995e+00 3.299999999999999822e+00
6.040454786000054810e+00 3.299999999999999822e+00
6.141134474000068622e+00 3.299999999999999822e+00
6.241808365999986563e+00 3.299999999999999822e+00
6.342479647000004661e+00 3.299999999999999822e+00
6.443148928000027809e+00 3.299999999999999822e+00
6.543817300999990039e+00 3.299999999999999822e+00
6.644492433999971581e+00 3.299999999999999822e+00
6.745207122000010713e+00 3.299999999999999822e+00
6.845878050999999687e+00 3.299999999999999822e+00
6.946546776999980466e+00 3.299999999999999822e+00
7.047219853999990846e+00 3.299999999999999822e+00
7.147891616000038084e+00 3.299999999999999822e+00
7.248562490000040270e+00 3.299999999999999822e+00
7.349274363000063204e+00 3.299999999999999822e+00
7.449942274000022735e+00 3.299999999999999822e+00
7.550614814000027764e+00 3.299999999999999822e+00
7.651282688000037524e+00 3.299999999999999822e+00
7.751949135000018032e+00 3.299999999999999822e+00
7.852621435000060046e+00 3.299999999999999822e+00
7.953292438000062248e+00 3.299999999999999822e+00
8.053974607999975888e+00 3.299999999999999822e+00
8.158637738000038553e+00 3.299999999999999822e+00
8.259339778000025944e+00 3.299999999999999822e+00
8.360021004000032008e+00 3.299999999999999822e+00
8.460696450999989793e+00 3.299999999999999822e+00
8.561370844000066427e+00 3.299999999999999822e+00
8.662039977000063118e+00 3.299999999999999822e+00
8.762708684000017456e+00 3.299999999999999822e+00
8.863374539000005825e+00 3.299999999999999822e+00
8.964045596999994814e+00 3.299999999999999822e+00
9.064718638000044848e+00 3.299999999999999822e+00
9.165386474000001726e+00 3.299999999999999822e+00
9.266047681000031844e+00 3.299999999999999822e+00
9.366710500000067441e+00 3.299999999999999822e+00
9.467377225000063845e+00 3.299999999999999822e+00
9.568043766000073447e+00 3.299999999999999822e+00
9.668711806000032993e+00 3.299999999999999822e+00
9.769380771999976787e+00 3.299999999999999822e+00
9.870044163999978082e+00 3.299999999999999822e+00
9.970705611999960638e+00 3.299999999999999822e+00
1.007137293000005229e+01 3.299999999999999822e+00
1.007198743000003560e+01 3.299999999999999822e+00
1.017267426700004762e+01 3.092941176470588083e+00
1.027334128899997268e+01 2.834117647058823408e+00
1.037400473599996076e+01 2.601176470588235201e+00
1.047467009199999666e+01 2.407058823529411473e+00
1.057533333599997150e+01 2.212941176470588189e+00
1.067599826499997562e+01 2.044705882352940929e+00
1.077665965699998196e+01 1.876470588235294112e+00
1.087732801300001029e+01 1.734117647058823541e+00
1.097799638599997252e+01 1.604705882352941204e+00
1.107869535300005737e+01 1.475294117647058867e+00
1.117937674500001322e+01 1.358823529411764763e+00
1.128004769300002863e+01 1.242352941176470438e+00
1.138071493699999337e+01 1.151764705882352802e+00
1.148138034800001606e+01 1.061176470588235166e+00
1.158206261099996937e+01 9.835294117647057632e-01
1.168273870699999861e+01 9.058823529411764719e-01
1.178340785800003232e+01 8.282352941176470695e-01
1.188407401000006303e+01 7.635294117647057899e-01
1.198473866200004068e+01 6.988235294117646212e-01
1.208540698000001612e+01 6.470588235294117974e-01
1.218607231700002558e+01 5.952941176470587514e-01
1.228673476500000561e+01 5.564705882352941613e-01
1.238739541600000393e+01 5.047058823529411153e-01
1.248806029000002127e+01 4.658823529411764697e-01
1.258873209000000770e+01 4.270588235294117130e-01
1.268941809399996146e+01 3.882352941176470673e-01
1.279009354200002235e+01 3.623529411764705443e-01
1.289076193400001102e+01 3.364705882352941324e-01
1.299147756700006084e+01 3.105882352941176094e-01
1.309214803400004712e+01 2.847058823529411420e-01
1.319282572200006598e+01 2.588235294117647300e-01
1.329349670700003117e+01 2.458823529411764408e-01
1.339416422900001180e+01 2.199999999999999734e-01
1.349482913999997891e+01 1.941176470588235337e-01
1.359549019999997199e+01 1.941176470588235337e-01
1.369615098100007344e+01 1.811764705882352722e-01
1.379681142900005852e+01 1.552941176470588047e-01
1.389747128400006204e+01 1.423529411764705710e-01
1.399813267700005781e+01 1.294117647058823650e-01
1.409879960600005688e+01 1.164705882352941174e-01
1.419946511000000555e+01 1.035294117647058837e-01
1.430013600300003418e+01 9.058823529411763609e-02
1.440080615400006536e+01 9.058823529411763609e-02
1.450147482500005935e+01 7.764705882352940236e-02
1.460215032799999335e+01 6.470588235294118251e-02
1.470281988700003240e+01 6.470588235294118251e-02
1.480348350200006280e+01 6.470588235294118251e-02
1.490416589500000555e+01 5.176470588235294185e-02
1.500483328699999674e+01 3.882352941176470118e-02
1.510550260600007277e+01 3.882352941176470118e-02
1.520617036900000585e+01 3.882352941176470118e-02
1.530683553899996241e+01 2.588235294117647092e-02
1.540749919100005627e+01 2.588235294117647092e-02
1.550815960199997789e+01 2.588235294117647092e-02
1.560882427199999256e+01 1.294117647058823546e-02
1.570949142400002074e+01 1.294117647058823546e-02
1.581015035400002944e+01 1.294117647058823546e-02
1.591081456100005198e+01 1.294117647058823546e-02
1.601148597200005952e+01 0.000000000000000000e+00
1.611215529100002186e+01 0.000000000000000000e+00
1.621282244300005004e+01 0.000000000000000000e+00
1.631348737200005417e+01 0.000000000000000000e+00
1.641415354299999763e+01 0.000000000000000000e+00
1.651481789800004663e+01 0.000000000000000000e+00
1.661548664300005385e+01 0.000000000000000000e+00
1.671615299799998411e+01 0.000000000000000000e+00
1.681682031700006519e+01 0.000000000000000000e+00
1.691748250600005576e+01 0.000000000000000000e+00
1.701814704700007042e+01 0.000000000000000000e+00
1.711884992099999181e+01 0.000000000000000000e+00
1.721952077599996755e+01 0.000000000000000000e+00
1.732019196500004909e+01 0.000000000000000000e+00
1.742088006200003747e+01 0.000000000000000000e+00
1.752159606600002917e+01 0.000000000000000000e+00
1.762230064300001686e+01 0.000000000000000000e+00
1.772296398100002079e+01 0.000000000000000000e+00
1.782362700300006964e+01 0.000000000000000000e+00
1.792428658100004668e+01 0.000000000000000000e+00
1.802494899199996325e+01 0.000000000000000000e+00
1.812561523700003363e+01 0.000000000000000000e+00
1.822627779599997666e+01 0.000000000000000000e+00
1.832694342900003903e+01 0.000000000000000000e+00
1.842760391499996331e+01 0.000000000000000000e+00
1.852826636300005703e+01 0.000000000000000000e+00
1.862897327400003178e+01 0.000000000000000000e+00
1.872964105599999129e+01 0.000000000000000000e+00
1.883030539300000328e+01 0.000000000000000000e+00
1.893096573000002536e+01 0.000000000000000000e+00
1.903163353100001132e+01 0.000000000000000000e+00
1.913229999700001827e+01 0.000000000000000000e+00
1.923297461200002090e+01 0.000000000000000000e+00
1.933364020900000924e+01 0.000000000000000000e+00
1.943430741700001363e+01 0.000000000000000000e+00
1.953497480900000483e+01 0.000000000000000000e+00
1.963563898000006702e+01 0.000000000000000000e+00
1.973630231699996784e+01 0.000000000000000000e+00
1.983696484000006421e+01 0.000000000000000000e+00
1.993766569499996422e+01 0.000000000000000000e+00
2.003832586600003651e+01 0.000000000000000000e+00
